lati:42.987581077~43.158151564 [avg:43.07850074790703, sd:0.026930841086101193], 
longi:-89.564388659~-89.260479204 [avg:-89.3982621182465, sd:0.060267757907425355], 
power:-86.24192241578515~-27.31659193737493 [avg:-58.52785514280172, sd:7.434576197607559]